1,-8,-8,-8
2,-8,-8,-7
3,-8,-8,-6
4,-8,-8,-5
5,-8,-8,-4
6,-8,-8,-3
7,-8,-8,-2
8,-8,-8,-1
9,-8,-8,0
8,-8,-8,1
7,-8,-8,2
6,-8,-8,3
5,-8,-8,4
4,-8,-8,5
3,-8,-8,6
2,-8,-8,7
10,-8,-7,-8
11,-8,-7,-7
12,-8,-7,-6
13,-8,-7,-5
14,-8,-7,-4
15,-8,-7,-3
16,-8,-7,-2
17,-8,-7,-1
18,-8,-7,0
19,-8,-7,1
20,-8,-7,2
21,-8,-7,3
22,-8,-7,4
23,-8,-7,5
24,-8,-7,6
25,-8,-7,7
26,-8,-6,-8
27,-8,-6,-7
28,-8,-6,-6
29,-8,-6,-5
30,-8,-6,-4
31,-8,-6,-3
32,-8,-6,-2
33,-8,-6,-1
34,-8,-6,0
35,-8,-6,1
36,-8,-6,2
37,-8,-6,3
38,-8,-6,4
39,-8,-6,5
40,-8,-6,6
41,-8,-6,7
42,-8,-5,-8
43,-8,-5,-7
44,-8,-5,-6
45,-8,-5,-5
46,-8,-5,-4
47,-8,-5,-3
48,-8,-5,-2
49,-8,-5,-1
50,-8,-5,0
51,-8,-5,1
52,-8,-5,2
53,-8,-5,3
54,-8,-5,4
55,-8,-5,5
56,-8,-5,6
57,-8,-5,7
58,-8,-4,-8
59,-8,-4,-7
60,-8,-4,-6
61,-8,-4,-5
62,-8,-4,-4
63,-8,-4,-3
64,-8,-4,-2
65,-8,-4,-1
66,-8,-4,0
67,-8,-4,1
68,-8,-4,2
69,-8,-4,3
70,-8,-4,4
71,-8,-4,5
72,-8,-4,6
73,-8,-4,7
74,-8,-3,-8
75,-8,-3,-7
76,-8,-3,-6
77,-8,-3,-5
78,-8,-3,-4
79,-8,-3,-3
80,-8,-3,-2
81,-8,-3,-1
82,-8,-3,0
83,-8,-3,1
84,-8,-3,2
85,-8,-3,3
86,-8,-3,4
87,-8,-3,5
88,-8,-3,6
89,-8,-3,7
90,-8,-2,-8
91,-8,-2,-7
92,-8,-2,-6
93,-8,-2,-5
94,-8,-2,-4
95,-8,-2,-3
96,-8,-2,-2
97,-8,-2,-1
98,-8,-2,0
99,-8,-2,1
100,-8,-2,2
101,-8,-2,3
102,-8,-2,4
103,-8,-2,5
104,-8,-2,6
105,-8,-2,7
106,-8,-1,-8
107,-8,-1,-7
108,-8,-1,-6
109,-8,-1,-5
110,-8,-1,-4
111,-8,-1,-3
112,-8,-1,-2
113,-8,-1,-1
114,-8,-1,0
115,-8,-1,1
116,-8,-1,2
117,-8,-1,3
118,-8,-1,4
119,-8,-1,5
120,-8,-1,6
121,-8,-1,7
122,-8,0,-8
123,-8,0,-7
124,-8,0,-6
125,-8,0,-5
126,-8,0,-4
127,-8,0,-3
128,-8,0,-2
129,-8,0,-1
130,-8,0,0
129,-8,0,1
128,-8,0,2
127,-8,0,3
126,-8,0,4
125,-8,0,5
124,-8,0,6
123,-8,0,7
106,-8,1,-8
121,-8,1,-7
120,-8,1,-6
119,-8,1,-5
118,-8,1,-4
117,-8,1,-3
116,-8,1,-2
115,-8,1,-1
114,-8,1,0
113,-8,1,1
112,-8,1,2
111,-8,1,3
110,-8,1,4
109,-8,1,5
108,-8,1,6
107,-8,1,7
90,-8,2,-8
105,-8,2,-7
104,-8,2,-6
103,-8,2,-5
102,-8,2,-4
101,-8,2,-3
100,-8,2,-2
99,-8,2,-1
98,-8,2,0
97,-8,2,1
96,-8,2,2
95,-8,2,3
94,-8,2,4
93,-8,2,5
92,-8,2,6
91,-8,2,7
74,-8,3,-8
89,-8,3,-7
88,-8,3,-6
87,-8,3,-5
86,-8,3,-4
85,-8,3,-3
84,-8,3,-2
83,-8,3,-1
82,-8,3,0
81,-8,3,1
80,-8,3,2
79,-8,3,3
78,-8,3,4
77,-8,3,5
76,-8,3,6
75,-8,3,7
58,-8,4,-8
73,-8,4,-7
72,-8,4,-6
71,-8,4,-5
70,-8,4,-4
69,-8,4,-3
68,-8,4,-2
67,-8,4,-1
66,-8,4,0
65,-8,4,1
64,-8,4,2
63,-8,4,3
62,-8,4,4
61,-8,4,5
60,-8,4,6
59,-8,4,7
42,-8,5,-8
57,-8,5,-7
56,-8,5,-6
55,-8,5,-5
54,-8,5,-4
53,-8,5,-3
52,-8,5,-2
51,-8,5,-1
50,-8,5,0
49,-8,5,1
48,-8,5,2
47,-8,5,3
46,-8,5,4
45,-8,5,5
44,-8,5,6
43,-8,5,7
26,-8,6,-8
41,-8,6,-7
40,-8,6,-6
39,-8,6,-5
38,-8,6,-4
37,-8,6,-3
36,-8,6,-2
35,-8,6,-1
34,-8,6,0
33,-8,6,1
32,-8,6,2
31,-8,6,3
30,-8,6,4
29,-8,6,5
28,-8,6,6
27,-8,6,7
10,-8,7,-8
25,-8,7,-7
24,-8,7,-6
23,-8,7,-5
22,-8,7,-4
21,-8,7,-3
20,-8,7,-2
19,-8,7,-1
18,-8,7,0
17,-8,7,1
16,-8,7,2
15,-8,7,3
14,-8,7,4
13,-8,7,5
12,-8,7,6
11,-8,7,7
11,-7,-8,-8
10,-7,-8,-7
25,-7,-8,-6
24,-7,-8,-5
23,-7,-8,-4
22,-7,-8,-3
21,-7,-8,-2
20,-7,-8,-1
19,-7,-8,0
18,-7,-8,1
17,-7,-8,2
16,-7,-8,3
15,-7,-8,4
14,-7,-8,5
13,-7,-8,6
12,-7,-8,7
27,-7,-7,-8
131,-7,-7,-7
27,-7,-7,-6
132,-7,-7,-5
133,-7,-7,-4
134,-7,-7,-3
135,-7,-7,-2
136,-7,-7,-1
137,-7,-7,0
138,-7,-7,1
137,-7,-7,2
136,-7,-7,3
135,-7,-7,4
134,-7,-7,5
133,-7,-7,6
132,-7,-7,7
43,-7,-6,-8
139,-7,-6,-7
140,-7,-6,-6
44,-7,-6,-5
141,-7,-6,-4
142,-7,-6,-3
143,-7,-6,-2
144,-7,-6,-1
145,-7,-6,0
146,-7,-6,1
147,-7,-6,2
148,-7,-6,3
149,-7,-6,4
150,-7,-6,5
151,-7,-6,6
152,-7,-6,7
59,-7,-5,-8
153,-7,-5,-7
154,-7,-5,-6
155,-7,-5,-5
61,-7,-5,-4
156,-7,-5,-3
157,-7,-5,-2
158,-7,-5,-1
159,-7,-5,0
160,-7,-5,1
161,-7,-5,2
162,-7,-5,3
163,-7,-5,4
164,-7,-5,5
165,-7,-5,6
166,-7,-5,7
75,-7,-4,-8
167,-7,-4,-7
168,-7,-4,-6
169,-7,-4,-5
170,-7,-4,-4
78,-7,-4,-3
171,-7,-4,-2
172,-7,-4,-1
173,-7,-4,0
174,-7,-4,1
175,-7,-4,2
176,-7,-4,3
177,-7,-4,4
178,-7,-4,5
179,-7,-4,6
180,-7,-4,7
91,-7,-3,-8
181,-7,-3,-7
182,-7,-3,-6
183,-7,-3,-5
184,-7,-3,-4
185,-7,-3,-3
95,-7,-3,-2
186,-7,-3,-1
187,-7,-3,0
188,-7,-3,1
189,-7,-3,2
190,-7,-3,3
191,-7,-3,4
192,-7,-3,5
193,-7,-3,6
194,-7,-3,7
107,-7,-2,-8
195,-7,-2,-7
196,-7,-2,-6
197,-7,-2,-5
198,-7,-2,-4
199,-7,-2,-3
200,-7,-2,-2
112,-7,-2,-1
201,-7,-2,0
202,-7,-2,1
203,-7,-2,2
204,-7,-2,3
205,-7,-2,4
206,-7,-2,5
207,-7,-2,6
208,-7,-2,7
123,-7,-1,-8
209,-7,-1,-7
210,-7,-1,-6
211,-7,-1,-5
212,-7,-1,-4
213,-7,-1,-3
214,-7,-1,-2
215,-7,-1,-1
129,-7,-1,0
216,-7,-1,1
217,-7,-1,2
218,-7,-1,3
219,-7,-1,4
220,-7,-1,5
221,-7,-1,6
222,-7,-1,7
121,-7,0,-8
223,-7,0,-7
224,-7,0,-6
225,-7,0,-5
226,-7,0,-4
227,-7,0,-3
228,-7,0,-2
229,-7,0,-1
230,-7,0,0
114,-7,0,1
201,-7,0,2
231,-7,0,3
232,-7,0,4
233,-7,0,5
234,-7,0,6
208,-7,0,7
105,-7,1,-8
235,-7,1,-7
236,-7,1,-6
237,-7,1,-5
238,-7,1,-4
239,-7,1,-3
240,-7,1,-2
241,-7,1,-1
242,-7,1,0
243,-7,1,1
97,-7,1,2
186,-7,1,3
244,-7,1,4
245,-7,1,5
246,-7,1,6
194,-7,1,7
89,-7,2,-8
247,-7,2,-7
248,-7,2,-6
249,-7,2,-5
250,-7,2,-4
251,-7,2,-3
252,-7,2,-2
253,-7,2,-1
254,-7,2,0
255,-7,2,1
256,-7,2,2
80,-7,2,3
171,-7,2,4
257,-7,2,5
258,-7,2,6
180,-7,2,7
73,-7,3,-8
259,-7,3,-7
260,-7,3,-6
261,-7,3,-5
262,-7,3,-4
263,-7,3,-3
264,-7,3,-2
265,-7,3,-1
266,-7,3,0
267,-7,3,1
268,-7,3,2
269,-7,3,3
63,-7,3,4
156,-7,3,5
270,-7,3,6
166,-7,3,7
57,-7,4,-8
271,-7,4,-7
272,-7,4,-6
273,-7,4,-5
274,-7,4,-4
275,-7,4,-3
276,-7,4,-2
277,-7,4,-1
278,-7,4,0
279,-7,4,1
280,-7,4,2
281,-7,4,3
282,-7,4,4
46,-7,4,5
141,-7,4,6
152,-7,4,7
41,-7,5,-8
283,-7,5,-7
284,-7,5,-6
285,-7,5,-5
286,-7,5,-4
287,-7,5,-3
288,-7,5,-2
289,-7,5,-1
290,-7,5,0
291,-7,5,1
292,-7,5,2
293,-7,5,3
294,-7,5,4
295,-7,5,5
29,-7,5,6
132,-7,5,7
25,-7,6,-8
296,-7,6,-7
297,-7,6,-6
298,-7,6,-5
299,-7,6,-4
300,-7,6,-3
301,-7,6,-2
302,-7,6,-1
303,-7,6,0
304,-7,6,1
305,-7,6,2
306,-7,6,3
307,-7,6,4
308,-7,6,5
309,-7,6,6
12,-7,6,7
2,-7,7,-8
310,-7,7,-7
311,-7,7,-6
312,-7,7,-5
313,-7,7,-4
314,-7,7,-3
315,-7,7,-2
316,-7,7,-1
317,-7,7,0
318,-7,7,1
319,-7,7,2
320,-7,7,3
321,-7,7,4
322,-7,7,5
323,-7,7,6
324,-7,7,7
28,-6,-8,-8
27,-6,-8,-7
26,-6,-8,-6
41,-6,-8,-5
40,-6,-8,-4
39,-6,-8,-3
38,-6,-8,-2
37,-6,-8,-1
36,-6,-8,0
35,-6,-8,1
34,-6,-8,2
33,-6,-8,3
32,-6,-8,4
31,-6,-8,5
30,-6,-8,6
29,-6,-8,7
44,-6,-7,-8
140,-6,-7,-7
139,-6,-7,-6
43,-6,-7,-5
152,-6,-7,-4
151,-6,-7,-3
150,-6,-7,-2
149,-6,-7,-1
148,-6,-7,0
147,-6,-7,1
146,-6,-7,2
145,-6,-7,3
144,-6,-7,4
143,-6,-7,5
142,-6,-7,6
141,-6,-7,7
60,-6,-6,-8
154,-6,-6,-7
325,-6,-6,-6
154,-6,-6,-5
60,-6,-6,-4
270,-6,-6,-3
326,-6,-6,-2
327,-6,-6,-1
328,-6,-6,0
329,-6,-6,1
330,-6,-6,2
329,-6,-6,3
328,-6,-6,4
327,-6,-6,5
326,-6,-6,6
270,-6,-6,7
76,-6,-5,-8
168,-6,-5,-7
331,-6,-5,-6
332,-6,-5,-5
169,-6,-5,-4
77,-6,-5,-3
257,-6,-5,-2
333,-6,-5,-1
334,-6,-5,0
335,-6,-5,1
336,-6,-5,2
337,-6,-5,3
338,-6,-5,4
339,-6,-5,5
340,-6,-5,6
258,-6,-5,7
92,-6,-4,-8
182,-6,-4,-7
341,-6,-4,-6
342,-6,-4,-5
343,-6,-4,-4
184,-6,-4,-3
94,-6,-4,-2
244,-6,-4,-1
344,-6,-4,0
345,-6,-4,1
346,-6,-4,2
347,-6,-4,3
348,-6,-4,4
349,-6,-4,5
350,-6,-4,6
246,-6,-4,7
108,-6,-3,-8
196,-6,-3,-7
351,-6,-3,-6
352,-6,-3,-5
353,-6,-3,-4
354,-6,-3,-3
199,-6,-3,-2
111,-6,-3,-1
231,-6,-3,0
355,-6,-3,1
356,-6,-3,2
357,-6,-3,3
358,-6,-3,4
359,-6,-3,5
360,-6,-3,6
234,-6,-3,7
124,-6,-2,-8
210,-6,-2,-7
361,-6,-2,-6
362,-6,-2,-5
363,-6,-2,-4
364,-6,-2,-3
365,-6,-2,-2
214,-6,-2,-1
128,-6,-2,0
217,-6,-2,1
366,-6,-2,2
367,-6,-2,3
368,-6,-2,4
369,-6,-2,5
370,-6,-2,6
221,-6,-2,7
120,-6,-1,-8
224,-6,-1,-7
371,-6,-1,-6
372,-6,-1,-5
373,-6,-1,-4
374,-6,-1,-3
375,-6,-1,-2
376,-6,-1,-1
229,-6,-1,0
115,-6,-1,1
202,-6,-1,2
355,-6,-1,3
377,-6,-1,4
378,-6,-1,5
360,-6,-1,6
207,-6,-1,7
104,-6,0,-8
236,-6,0,-7
379,-6,0,-6
380,-6,0,-5
381,-6,0,-4
382,-6,0,-3
383,-6,0,-2
384,-6,0,-1
385,-6,0,0
242,-6,0,1
98,-6,0,2
187,-6,0,3
344,-6,0,4
386,-6,0,5
350,-6,0,6
193,-6,0,7
88,-6,1,-8
248,-6,1,-7
387,-6,1,-6
388,-6,1,-5
389,-6,1,-4
390,-6,1,-3
391,-6,1,-2
392,-6,1,-1
393,-6,1,0
394,-6,1,1
255,-6,1,2
81,-6,1,3
172,-6,1,4
333,-6,1,5
340,-6,1,6
179,-6,1,7
72,-6,2,-8
260,-6,2,-7
395,-6,2,-6
396,-6,2,-5
397,-6,2,-4
398,-6,2,-3
399,-6,2,-2
400,-6,2,-1
401,-6,2,0
402,-6,2,1
403,-6,2,2
268,-6,2,3
64,-6,2,4
157,-6,2,5
326,-6,2,6
165,-6,2,7
56,-6,3,-8
272,-6,3,-7
404,-6,3,-6
405,-6,3,-5
406,-6,3,-4
407,-6,3,-3
408,-6,3,-2
409,-6,3,-1
410,-6,3,0
411,-6,3,1
412,-6,3,2
413,-6,3,3
281,-6,3,4
47,-6,3,5
142,-6,3,6
151,-6,3,7
40,-6,4,-8
284,-6,4,-7
414,-6,4,-6
415,-6,4,-5
416,-6,4,-4
417,-6,4,-3
418,-6,4,-2
419,-6,4,-1
420,-6,4,0
421,-6,4,1
422,-6,4,2
423,-6,4,3
424,-6,4,4
294,-6,4,5
30,-6,4,6
133,-6,4,7
24,-6,5,-8
297,-6,5,-7
425,-6,5,-6
426,-6,5,-5
427,-6,5,-4
428,-6,5,-3
429,-6,5,-2
430,-6,5,-1
431,-6,5,0
432,-6,5,1
433,-6,5,2
434,-6,5,3
435,-6,5,4
436,-6,5,5
308,-6,5,6
13,-6,5,7
3,-6,6,-8
311,-6,6,-7
437,-6,6,-6
438,-6,6,-5
439,-6,6,-4
440,-6,6,-3
441,-6,6,-2
442,-6,6,-1
443,-6,6,0
444,-6,6,1
445,-6,6,2
446,-6,6,3
447,-6,6,4
448,-6,6,5
449,-6,6,6
323,-6,6,7
12,-6,7,-8
25,-6,7,-7
296,-6,7,-6
297,-6,7,-5
298,-6,7,-4
299,-6,7,-3
300,-6,7,-2
301,-6,7,-1
302,-6,7,0
303,-6,7,1
304,-6,7,2
305,-6,7,3
306,-6,7,4
307,-6,7,5
308,-6,7,6
309,-6,7,7
45,-5,-8,-8
44,-5,-8,-7
43,-5,-8,-6
42,-5,-8,-5
57,-5,-8,-4
56,-5,-8,-3
55,-5,-8,-2
54,-5,-8,-1
53,-5,-8,0
52,-5,-8,1
51,-5,-8,2
50,-5,-8,3
49,-5,-8,4
48,-5,-8,5
47,-5,-8,6
46,-5,-8,7
61,-5,-7,-8
155,-5,-7,-7
154,-5,-7,-6
153,-5,-7,-5
59,-5,-7,-4
166,-5,-7,-3
165,-5,-7,-2
164,-5,-7,-1
163,-5,-7,0
162,-5,-7,1
161,-5,-7,2
160,-5,-7,3
159,-5,-7,4
158,-5,-7,5
157,-5,-7,6
156,-5,-7,7
77,-5,-6,-8
169,-5,-6,-7
332,-5,-6,-6
331,-5,-6,-5
168,-5,-6,-4
76,-5,-6,-3
258,-5,-6,-2
340,-5,-6,-1
339,-5,-6,0
338,-5,-6,1
337,-5,-6,2
336,-5,-6,3
335,-5,-6,4
334,-5,-6,5
333,-5,-6,6
257,-5,-6,7
93,-5,-5,-8
183,-5,-5,-7
342,-5,-5,-6
450,-5,-5,-5
342,-5,-5,-4
183,-5,-5,-3
93,-5,-5,-2
245,-5,-5,-1
386,-5,-5,0
451,-5,-5,1
452,-5,-5,2
453,-5,-5,3
452,-5,-5,4
451,-5,-5,5
386,-5,-5,6
245,-5,-5,7
109,-5,-4,-8
197,-5,-4,-7
352,-5,-4,-6
454,-5,-4,-5
455,-5,-4,-4
353,-5,-4,-3
198,-5,-4,-2
110,-5,-4,-1
232,-5,-4,0
377,-5,-4,1
456,-5,-4,2
457,-5,-4,3
458,-5,-4,4
459,-5,-4,5
378,-5,-4,6
233,-5,-4,7
125,-5,-3,-8
211,-5,-3,-7
362,-5,-3,-6
460,-5,-3,-5
461,-5,-3,-4
462,-5,-3,-3
364,-5,-3,-2
213,-5,-3,-1
127,-5,-3,0
218,-5,-3,1
367,-5,-3,2
463,-5,-3,3
464,-5,-3,4
465,-5,-3,5
369,-5,-3,6
220,-5,-3,7
119,-5,-2,-8
225,-5,-2,-7
372,-5,-2,-6
466,-5,-2,-5
467,-5,-2,-4
468,-5,-2,-3
469,-5,-2,-2
375,-5,-2,-1
228,-5,-2,0
116,-5,-2,1
203,-5,-2,2
356,-5,-2,3
456,-5,-2,4
459,-5,-2,5
359,-5,-2,6
206,-5,-2,7
103,-5,-1,-8
237,-5,-1,-7
380,-5,-1,-6
470,-5,-1,-5
471,-5,-1,-4
472,-5,-1,-3
473,-5,-1,-2
474,-5,-1,-1
384,-5,-1,0
241,-5,-1,1
99,-5,-1,2
188,-5,-1,3
345,-5,-1,4
451,-5,-1,5
349,-5,-1,6
192,-5,-1,7
87,-5,0,-8
249,-5,0,-7
388,-5,0,-6
475,-5,0,-5
476,-5,0,-4
477,-5,0,-3
478,-5,0,-2
479,-5,0,-1
480,-5,0,0
393,-5,0,1
254,-5,0,2
82,-5,0,3
173,-5,0,4
334,-5,0,5
339,-5,0,6
178,-5,0,7
71,-5,1,-8
261,-5,1,-7
396,-5,1,-6
481,-5,1,-5
482,-5,1,-4
483,-5,1,-3
484,-5,1,-2
485,-5,1,-1
486,-5,1,0
487,-5,1,1
402,-5,1,2
267,-5,1,3
65,-5,1,4
158,-5,1,5
327,-5,1,6
164,-5,1,7
55,-5,2,-8
273,-5,2,-7
405,-5,2,-6
488,-5,2,-5
489,-5,2,-4
490,-5,2,-3
491,-5,2,-2
492,-5,2,-1
493,-5,2,0
494,-5,2,1
495,-5,2,2
412,-5,2,3
280,-5,2,4
48,-5,2,5
143,-5,2,6
150,-5,2,7
39,-5,3,-8
285,-5,3,-7
415,-5,3,-6
496,-5,3,-5
497,-5,3,-4
498,-5,3,-3
499,-5,3,-2
500,-5,3,-1
501,-5,3,0
502,-5,3,1
503,-5,3,2
504,-5,3,3
423,-5,3,4
293,-5,3,5
31,-5,3,6
134,-5,3,7
23,-5,4,-8
298,-5,4,-7
426,-5,4,-6
505,-5,4,-5
506,-5,4,-4
507,-5,4,-3
508,-5,4,-2
509,-5,4,-1
510,-5,4,0
511,-5,4,1
512,-5,4,2
513,-5,4,3
514,-5,4,4
435,-5,4,5
307,-5,4,6
14,-5,4,7
4,-5,5,-8
312,-5,5,-7
438,-5,5,-6
515,-5,5,-5
516,-5,5,-4
517,-5,5,-3
518,-5,5,-2
519,-5,5,-1
520,-5,5,0
521,-5,5,1
522,-5,5,2
523,-5,5,3
524,-5,5,4
525,-5,5,5
448,-5,5,6
322,-5,5,7
13,-5,6,-8
24,-5,6,-7
297,-5,6,-6
425,-5,6,-5
426,-5,6,-4
427,-5,6,-3
428,-5,6,-2
429,-5,6,-1
430,-5,6,0
431,-5,6,1
432,-5,6,2
433,-5,6,3
434,-5,6,4
435,-5,6,5
436,-5,6,6
308,-5,6,7
29,-5,7,-8
132,-5,7,-7
41,-5,7,-6
283,-5,7,-5
284,-5,7,-4
285,-5,7,-3
286,-5,7,-2
287,-5,7,-1
288,-5,7,0
289,-5,7,1
290,-5,7,2
291,-5,7,3
292,-5,7,4
293,-5,7,5
294,-5,7,6
295,-5,7,7
62,-4,-8,-8
61,-4,-8,-7
60,-4,-8,-6
59,-4,-8,-5
58,-4,-8,-4
73,-4,-8,-3
72,-4,-8,-2
71,-4,-8,-1
70,-4,-8,0
69,-4,-8,1
68,-4,-8,2
67,-4,-8,3
66,-4,-8,4
65,-4,-8,5
64,-4,-8,6
63,-4,-8,7
78,-4,-7,-8
170,-4,-7,-7
169,-4,-7,-6
168,-4,-7,-5
167,-4,-7,-4
75,-4,-7,-3
180,-4,-7,-2
179,-4,-7,-1
178,-4,-7,0
177,-4,-7,1
176,-4,-7,2
175,-4,-7,3
174,-4,-7,4
173,-4,-7,5
172,-4,-7,6
171,-4,-7,7
94,-4,-6,-8
184,-4,-6,-7
343,-4,-6,-6
342,-4,-6,-5
341,-4,-6,-4
182,-4,-6,-3
92,-4,-6,-2
246,-4,-6,-1
350,-4,-6,0
349,-4,-6,1
348,-4,-6,2
347,-4,-6,3
346,-4,-6,4
345,-4,-6,5
344,-4,-6,6
244,-4,-6,7
110,-4,-5,-8
198,-4,-5,-7
353,-4,-5,-6
455,-4,-5,-5
454,-4,-5,-4
352,-4,-5,-3
197,-4,-5,-2
109,-4,-5,-1
233,-4,-5,0
378,-4,-5,1
459,-4,-5,2
458,-4,-5,3
457,-4,-5,4
456,-4,-5,5
377,-4,-5,6
232,-4,-5,7
126,-4,-4,-8
212,-4,-4,-7
363,-4,-4,-6
461,-4,-4,-5
526,-4,-4,-4
461,-4,-4,-3
363,-4,-4,-2
212,-4,-4,-1
126,-4,-4,0
219,-4,-4,1
368,-4,-4,2
464,-4,-4,3
527,-4,-4,4
464,-4,-4,5
368,-4,-4,6
219,-4,-4,7
118,-4,-3,-8
226,-4,-3,-7
373,-4,-3,-6
467,-4,-3,-5
528,-4,-3,-4
529,-4,-3,-3
468,-4,-3,-2
374,-4,-3,-1
227,-4,-3,0
117,-4,-3,1
204,-4,-3,2
357,-4,-3,3
457,-4,-3,4
458,-4,-3,5
358,-4,-3,6
205,-4,-3,7
102,-4,-2,-8
238,-4,-2,-7
381,-4,-2,-6
471,-4,-2,-5
530,-4,-2,-4
531,-4,-2,-3
532,-4,-2,-2
473,-4,-2,-1
383,-4,-2,0
240,-4,-2,1
100,-4,-2,2
189,-4,-2,3
346,-4,-2,4
452,-4,-2,5
348,-4,-2,6
191,-4,-2,7
86,-4,-1,-8
250,-4,-1,-7
389,-4,-1,-6
476,-4,-1,-5
533,-4,-1,-4
534,-4,-1,-3
535,-4,-1,-2
536,-4,-1,-1
479,-4,-1,0
392,-4,-1,1
253,-4,-1,2
83,-4,-1,3
174,-4,-1,4
335,-4,-1,5
338,-4,-1,6
177,-4,-1,7
70,-4,0,-8
262,-4,0,-7
397,-4,0,-6
482,-4,0,-5
537,-4,0,-4
538,-4,0,-3
539,-4,0,-2
540,-4,0,-1
541,-4,0,0
486,-4,0,1
401,-4,0,2
266,-4,0,3
66,-4,0,4
159,-4,0,5
328,-4,0,6
163,-4,0,7
54,-4,1,-8
274,-4,1,-7
406,-4,1,-6
489,-4,1,-5
542,-4,1,-4
543,-4,1,-3
544,-4,1,-2
545,-4,1,-1
546,-4,1,0
547,-4,1,1
494,-4,1,2
411,-4,1,3
279,-4,1,4
49,-4,1,5
144,-4,1,6
149,-4,1,7
38,-4,2,-8
286,-4,2,-7
416,-4,2,-6
497,-4,2,-5
548,-4,2,-4
549,-4,2,-3
550,-4,2,-2
551,-4,2,-1
552,-4,2,0
553,-4,2,1
554,-4,2,2
503,-4,2,3
422,-4,2,4
292,-4,2,5
32,-4,2,6
135,-4,2,7
22,-4,3,-8
299,-4,3,-7
427,-4,3,-6
506,-4,3,-5
555,-4,3,-4
556,-4,3,-3
557,-4,3,-2
558,-4,3,-1
559,-4,3,0
560,-4,3,1
561,-4,3,2
562,-4,3,3
513,-4,3,4
434,-4,3,5
306,-4,3,6
15,-4,3,7
5,-4,4,-8
313,-4,4,-7
439,-4,4,-6
516,-4,4,-5
563,-4,4,-4
564,-4,4,-3
565,-4,4,-2
566,-4,4,-1
567,-4,4,0
568,-4,4,1
569,-4,4,2
570,-4,4,3
571,-4,4,4
524,-4,4,5
447,-4,4,6
321,-4,4,7
14,-4,5,-8
23,-4,5,-7
298,-4,5,-6
426,-4,5,-5
505,-4,5,-4
506,-4,5,-3
507,-4,5,-2
508,-4,5,-1
509,-4,5,0
510,-4,5,1
511,-4,5,2
512,-4,5,3
513,-4,5,4
514,-4,5,5
435,-4,5,6
307,-4,5,7
30,-4,6,-8
133,-4,6,-7
40,-4,6,-6
284,-4,6,-5
414,-4,6,-4
415,-4,6,-3
416,-4,6,-2
417,-4,6,-1
418,-4,6,0
419,-4,6,1
420,-4,6,2
421,-4,6,3
422,-4,6,4
423,-4,6,5
424,-4,6,6
294,-4,6,7
46,-4,7,-8
141,-4,7,-7
152,-4,7,-6
57,-4,7,-5
271,-4,7,-4
272,-4,7,-3
273,-4,7,-2
274,-4,7,-1
275,-4,7,0
276,-4,7,1
277,-4,7,2
278,-4,7,3
279,-4,7,4
280,-4,7,5
281,-4,7,6
282,-4,7,7
79,-3,-8,-8
78,-3,-8,-7
77,-3,-8,-6
76,-3,-8,-5
75,-3,-8,-4
74,-3,-8,-3
89,-3,-8,-2
88,-3,-8,-1
87,-3,-8,0
86,-3,-8,1
85,-3,-8,2
84,-3,-8,3
83,-3,-8,4
82,-3,-8,5
81,-3,-8,6
80,-3,-8,7
95,-3,-7,-8
185,-3,-7,-7
184,-3,-7,-6
183,-3,-7,-5
182,-3,-7,-4
181,-3,-7,-3
91,-3,-7,-2
194,-3,-7,-1
193,-3,-7,0
192,-3,-7,1
191,-3,-7,2
190,-3,-7,3
189,-3,-7,4
188,-3,-7,5
187,-3,-7,6
186,-3,-7,7
111,-3,-6,-8
199,-3,-6,-7
354,-3,-6,-6
353,-3,-6,-5
352,-3,-6,-4
351,-3,-6,-3
196,-3,-6,-2
108,-3,-6,-1
234,-3,-6,0
360,-3,-6,1
359,-3,-6,2
358,-3,-6,3
357,-3,-6,4
356,-3,-6,5
355,-3,-6,6
231,-3,-6,7
127,-3,-5,-8
213,-3,-5,-7
364,-3,-5,-6
462,-3,-5,-5
461,-3,-5,-4
460,-3,-5,-3
362,-3,-5,-2
211,-3,-5,-1
125,-3,-5,0
220,-3,-5,1
369,-3,-5,2
465,-3,-5,3
464,-3,-5,4
463,-3,-5,5
367,-3,-5,6
218,-3,-5,7
117,-3,-4,-8
227,-3,-4,-7
374,-3,-4,-6
468,-3,-4,-5
529,-3,-4,-4
528,-3,-4,-3
467,-3,-4,-2
373,-3,-4,-1
226,-3,-4,0
118,-3,-4,1
205,-3,-4,2
358,-3,-4,3
458,-3,-4,4
457,-3,-4,5
357,-3,-4,6
204,-3,-4,7
101,-3,-3,-8
239,-3,-3,-7
382,-3,-3,-6
472,-3,-3,-5
531,-3,-3,-4
572,-3,-3,-3
531,-3,-3,-2
472,-3,-3,-1
382,-3,-3,0
239,-3,-3,1
101,-3,-3,2
190,-3,-3,3
347,-3,-3,4
453,-3,-3,5
347,-3,-3,6
190,-3,-3,7
85,-3,-2,-8
251,-3,-2,-7
390,-3,-2,-6
477,-3,-2,-5
534,-3,-2,-4
573,-3,-2,-3
574,-3,-2,-2
535,-3,-2,-1
478,-3,-2,0
391,-3,-2,1
252,-3,-2,2
84,-3,-2,3
175,-3,-2,4
336,-3,-2,5
337,-3,-2,6
176,-3,-2,7
69,-3,-1,-8
263,-3,-1,-7
398,-3,-1,-6
483,-3,-1,-5
538,-3,-1,-4
575,-3,-1,-3
576,-3,-1,-2
577,-3,-1,-1
540,-3,-1,0
485,-3,-1,1
400,-3,-1,2
265,-3,-1,3
67,-3,-1,4
160,-3,-1,5
329,-3,-1,6
162,-3,-1,7
53,-3,0,-8
275,-3,0,-7
407,-3,0,-6
490,-3,0,-5
543,-3,0,-4
578,-3,0,-3
579,-3,0,-2
580,-3,0,-1
581,-3,0,0
546,-3,0,1
493,-3,0,2
410,-3,0,3
278,-3,0,4
50,-3,0,5
145,-3,0,6
148,-3,0,7
37,-3,1,-8
287,-3,1,-7
417,-3,1,-6
498,-3,1,-5
549,-3,1,-4
582,-3,1,-3
583,-3,1,-2
584,-3,1,-1
585,-3,1,0
586,-3,1,1
553,-3,1,2
502,-3,1,3
421,-3,1,4
291,-3,1,5
33,-3,1,6
136,-3,1,7
21,-3,2,-8
300,-3,2,-7
428,-3,2,-6
507,-3,2,-5
556,-3,2,-4
587,-3,2,-3
588,-3,2,-2
589,-3,2,-1
590,-3,2,0
591,-3,2,1
592,-3,2,2
561,-3,2,3
512,-3,2,4
433,-3,2,5
305,-3,2,6
16,-3,2,7
6,-3,3,-8
314,-3,3,-7
440,-3,3,-6
517,-3,3,-5
564,-3,3,-4
593,-3,3,-3
594,-3,3,-2
595,-3,3,-1
596,-3,3,0
597,-3,3,1
598,-3,3,2
599,-3,3,3
570,-3,3,4
523,-3,3,5
446,-3,3,6
320,-3,3,7
15,-3,4,-8
22,-3,4,-7
299,-3,4,-6
427,-3,4,-5
506,-3,4,-4
555,-3,4,-3
556,-3,4,-2
557,-3,4,-1
558,-3,4,0
559,-3,4,1
560,-3,4,2
561,-3,4,3
562,-3,4,4
513,-3,4,5
434,-3,4,6
306,-3,4,7
31,-3,5,-8
134,-3,5,-7
39,-3,5,-6
285,-3,5,-5
415,-3,5,-4
496,-3,5,-3
497,-3,5,-2
498,-3,5,-1
499,-3,5,0
500,-3,5,1
501,-3,5,2
502,-3,5,3
503,-3,5,4
504,-3,5,5
423,-3,5,6
293,-3,5,7
47,-3,6,-8
142,-3,6,-7
151,-3,6,-6
56,-3,6,-5
272,-3,6,-4
404,-3,6,-3
405,-3,6,-2
406,-3,6,-1
407,-3,6,0
408,-3,6,1
409,-3,6,2
410,-3,6,3
411,-3,6,4
412,-3,6,5
413,-3,6,6
281,-3,6,7
63,-3,7,-8
156,-3,7,-7
270,-3,7,-6
166,-3,7,-5
73,-3,7,-4
259,-3,7,-3
260,-3,7,-2
261,-3,7,-1
262,-3,7,0
263,-3,7,1
264,-3,7,2
265,-3,7,3
266,-3,7,4
267,-3,7,5
268,-3,7,6
269,-3,7,7
96,-2,-8,-8
95,-2,-8,-7
94,-2,-8,-6
93,-2,-8,-5
92,-2,-8,-4
91,-2,-8,-3
90,-2,-8,-2
105,-2,-8,-1
104,-2,-8,0
103,-2,-8,1
102,-2,-8,2
101,-2,-8,3
100,-2,-8,4
99,-2,-8,5
98,-2,-8,6
97,-2,-8,7
112,-2,-7,-8
200,-2,-7,-7
199,-2,-7,-6
198,-2,-7,-5
197,-2,-7,-4
196,-2,-7,-3
195,-2,-7,-2
107,-2,-7,-1
208,-2,-7,0
207,-2,-7,1
206,-2,-7,2
205,-2,-7,3
204,-2,-7,4
203,-2,-7,5
202,-2,-7,6
201,-2,-7,7
128,-2,-6,-8
214,-2,-6,-7
365,-2,-6,-6
364,-2,-6,-5
363,-2,-6,-4
362,-2,-6,-3
361,-2,-6,-2
210,-2,-6,-1
124,-2,-6,0
221,-2,-6,1
370,-2,-6,2
369,-2,-6,3
368,-2,-6,4
367,-2,-6,5
366,-2,-6,6
217,-2,-6,7
116,-2,-5,-8
228,-2,-5,-7
375,-2,-5,-6
469,-2,-5,-5
468,-2,-5,-4
467,-2,-5,-3
466,-2,-5,-2
372,-2,-5,-1
225,-2,-5,0
119,-2,-5,1
206,-2,-5,2
359,-2,-5,3
459,-2,-5,4
456,-2,-5,5
356,-2,-5,6
203,-2,-5,7
100,-2,-4,-8
240,-2,-4,-7
383,-2,-4,-6
473,-2,-4,-5
532,-2,-4,-4
531,-2,-4,-3
530,-2,-4,-2
471,-2,-4,-1
381,-2,-4,0
238,-2,-4,1
102,-2,-4,2
191,-2,-4,3
348,-2,-4,4
452,-2,-4,5
346,-2,-4,6
189,-2,-4,7
84,-2,-3,-8
252,-2,-3,-7
391,-2,-3,-6
478,-2,-3,-5
535,-2,-3,-4
574,-2,-3,-3
573,-2,-3,-2
534,-2,-3,-1
477,-2,-3,0
390,-2,-3,1
251,-2,-3,2
85,-2,-3,3
176,-2,-3,4
337,-2,-3,5
336,-2,-3,6
175,-2,-3,7
68,-2,-2,-8
264,-2,-2,-7
399,-2,-2,-6
484,-2,-2,-5
539,-2,-2,-4
576,-2,-2,-3
600,-2,-2,-2
576,-2,-2,-1
539,-2,-2,0
484,-2,-2,1
399,-2,-2,2
264,-2,-2,3
68,-2,-2,4
161,-2,-2,5
330,-2,-2,6
161,-2,-2,7
52,-2,-1,-8
276,-2,-1,-7
408,-2,-1,-6
491,-2,-1,-5
544,-2,-1,-4
579,-2,-1,-3
601,-2,-1,-2
602,-2,-1,-1
580,-2,-1,0
545,-2,-1,1
492,-2,-1,2
409,-2,-1,3
277,-2,-1,4
51,-2,-1,5
146,-2,-1,6
147,-2,-1,7
36,-2,0,-8
288,-2,0,-7
418,-2,0,-6
499,-2,0,-5
550,-2,0,-4
583,-2,0,-3
603,-2,0,-2
604,-2,0,-1
605,-2,0,0
585,-2,0,1
552,-2,0,2
501,-2,0,3
420,-2,0,4
290,-2,0,5
34,-2,0,6
137,-2,0,7
20,-2,1,-8
301,-2,1,-7
429,-2,1,-6
508,-2,1,-5
557,-2,1,-4
588,-2,1,-3
606,-2,1,-2
607,-2,1,-1
608,-2,1,0
609,-2,1,1
591,-2,1,2
560,-2,1,3
511,-2,1,4
432,-2,1,5
304,-2,1,6
17,-2,1,7
7,-2,2,-8
315,-2,2,-7
441,-2,2,-6
518,-2,2,-5
565,-2,2,-4
594,-2,2,-3
610,-2,2,-2
611,-2,2,-1
612,-2,2,0
613,-2,2,1
614,-2,2,2
598,-2,2,3
569,-2,2,4
522,-2,2,5
445,-2,2,6
319,-2,2,7
16,-2,3,-8
21,-2,3,-7
300,-2,3,-6
428,-2,3,-5
507,-2,3,-4
556,-2,3,-3
587,-2,3,-2
588,-2,3,-1
589,-2,3,0
590,-2,3,1
591,-2,3,2
592,-2,3,3
561,-2,3,4
512,-2,3,5
433,-2,3,6
305,-2,3,7
32,-2,4,-8
135,-2,4,-7
38,-2,4,-6
286,-2,4,-5
416,-2,4,-4
497,-2,4,-3
548,-2,4,-2
549,-2,4,-1
550,-2,4,0
551,-2,4,1
552,-2,4,2
553,-2,4,3
554,-2,4,4
503,-2,4,5
422,-2,4,6
292,-2,4,7
48,-2,5,-8
143,-2,5,-7
150,-2,5,-6
55,-2,5,-5
273,-2,5,-4
405,-2,5,-3
488,-2,5,-2
489,-2,5,-1
490,-2,5,0
491,-2,5,1
492,-2,5,2
493,-2,5,3
494,-2,5,4
495,-2,5,5
412,-2,5,6
280,-2,5,7
64,-2,6,-8
157,-2,6,-7
326,-2,6,-6
165,-2,6,-5
72,-2,6,-4
260,-2,6,-3
395,-2,6,-2
396,-2,6,-1
397,-2,6,0
398,-2,6,1
399,-2,6,2
400,-2,6,3
401,-2,6,4
402,-2,6,5
403,-2,6,6
268,-2,6,7
80,-2,7,-8
171,-2,7,-7
257,-2,7,-6
258,-2,7,-5
180,-2,7,-4
89,-2,7,-3
247,-2,7,-2
248,-2,7,-1
249,-2,7,0
250,-2,7,1
251,-2,7,2
252,-2,7,3
253,-2,7,4
254,-2,7,5
255,-2,7,6
256,-2,7,7
113,-1,-8,-8
112,-1,-8,-7
111,-1,-8,-6
110,-1,-8,-5
109,-1,-8,-4
108,-1,-8,-3
107,-1,-8,-2
106,-1,-8,-1
121,-1,-8,0
120,-1,-8,1
119,-1,-8,2
118,-1,-8,3
117,-1,-8,4
116,-1,-8,5
115,-1,-8,6
114,-1,-8,7
129,-1,-7,-8
215,-1,-7,-7
214,-1,-7,-6
213,-1,-7,-5
212,-1,-7,-4
211,-1,-7,-3
210,-1,-7,-2
209,-1,-7,-1
123,-1,-7,0
222,-1,-7,1
221,-1,-7,2
220,-1,-7,3
219,-1,-7,4
218,-1,-7,5
217,-1,-7,6
216,-1,-7,7
115,-1,-6,-8
229,-1,-6,-7
376,-1,-6,-6
375,-1,-6,-5
374,-1,-6,-4
373,-1,-6,-3
372,-1,-6,-2
371,-1,-6,-1
224,-1,-6,0
120,-1,-6,1
207,-1,-6,2
360,-1,-6,3
378,-1,-6,4
377,-1,-6,5
355,-1,-6,6
202,-1,-6,7
99,-1,-5,-8
241,-1,-5,-7
384,-1,-5,-6
474,-1,-5,-5
473,-1,-5,-4
472,-1,-5,-3
471,-1,-5,-2
470,-1,-5,-1
380,-1,-5,0
237,-1,-5,1
103,-1,-5,2
192,-1,-5,3
349,-1,-5,4
451,-1,-5,5
345,-1,-5,6
188,-1,-5,7
83,-1,-4,-8
253,-1,-4,-7
392,-1,-4,-6
479,-1,-4,-5
536,-1,-4,-4
535,-1,-4,-3
534,-1,-4,-2
533,-1,-4,-1
476,-1,-4,0
389,-1,-4,1
250,-1,-4,2
86,-1,-4,3
177,-1,-4,4
338,-1,-4,5
335,-1,-4,6
174,-1,-4,7
67,-1,-3,-8
265,-1,-3,-7
400,-1,-3,-6
485,-1,-3,-5
540,-1,-3,-4
577,-1,-3,-3
576,-1,-3,-2
575,-1,-3,-1
538,-1,-3,0
483,-1,-3,1
398,-1,-3,2
263,-1,-3,3
69,-1,-3,4
162,-1,-3,5
329,-1,-3,6
160,-1,-3,7
51,-1,-2,-8
277,-1,-2,-7
409,-1,-2,-6
492,-1,-2,-5
545,-1,-2,-4
580,-1,-2,-3
602,-1,-2,-2
601,-1,-2,-1
579,-1,-2,0
544,-1,-2,1
491,-1,-2,2
408,-1,-2,3
276,-1,-2,4
52,-1,-2,5
147,-1,-2,6
146,-1,-2,7
35,-1,-1,-8
289,-1,-1,-7
419,-1,-1,-6
500,-1,-1,-5
551,-1,-1,-4
584,-1,-1,-3
604,-1,-1,-2
615,-1,-1,-1
604,-1,-1,0
584,-1,-1,1
551,-1,-1,2
500,-1,-1,3
419,-1,-1,4
289,-1,-1,5
35,-1,-1,6
138,-1,-1,7
19,-1,0,-8
302,-1,0,-7
430,-1,0,-6
509,-1,0,-5
558,-1,0,-4
589,-1,0,-3
607,-1,0,-2
616,-1,0,-1
617,-1,0,0
608,-1,0,1
590,-1,0,2
559,-1,0,3
510,-1,0,4
431,-1,0,5
303,-1,0,6
18,-1,0,7
8,-1,1,-8
316,-1,1,-7
442,-1,1,-6
519,-1,1,-5
566,-1,1,-4
595,-1,1,-3
611,-1,1,-2
618,-1,1,-1
619,-1,1,0
620,-1,1,1
613,-1,1,2
597,-1,1,3
568,-1,1,4
521,-1,1,5
444,-1,1,6
318,-1,1,7
17,-1,2,-8
20,-1,2,-7
301,-1,2,-6
429,-1,2,-5
508,-1,2,-4
557,-1,2,-3
588,-1,2,-2
606,-1,2,-1
607,-1,2,0
608,-1,2,1
609,-1,2,2
591,-1,2,3
560,-1,2,4
511,-1,2,5
432,-1,2,6
304,-1,2,7
33,-1,3,-8
136,-1,3,-7
37,-1,3,-6
287,-1,3,-5
417,-1,3,-4
498,-1,3,-3
549,-1,3,-2
582,-1,3,-1
583,-1,3,0
584,-1,3,1
585,-1,3,2
586,-1,3,3
553,-1,3,4
502,-1,3,5
421,-1,3,6
291,-1,3,7
49,-1,4,-8
144,-1,4,-7
149,-1,4,-6
54,-1,4,-5
274,-1,4,-4
406,-1,4,-3
489,-1,4,-2
542,-1,4,-1
543,-1,4,0
544,-1,4,1
545,-1,4,2
546,-1,4,3
547,-1,4,4
494,-1,4,5
411,-1,4,6
279,-1,4,7
65,-1,5,-8
158,-1,5,-7
327,-1,5,-6
164,-1,5,-5
71,-1,5,-4
261,-1,5,-3
396,-1,5,-2
481,-1,5,-1
482,-1,5,0
483,-1,5,1
484,-1,5,2
485,-1,5,3
486,-1,5,4
487,-1,5,5
402,-1,5,6
267,-1,5,7
81,-1,6,-8
172,-1,6,-7
333,-1,6,-6
340,-1,6,-5
179,-1,6,-4
88,-1,6,-3
248,-1,6,-2
387,-1,6,-1
388,-1,6,0
389,-1,6,1
390,-1,6,2
391,-1,6,3
392,-1,6,4
393,-1,6,5
394,-1,6,6
255,-1,6,7
97,-1,7,-8
186,-1,7,-7
244,-1,7,-6
245,-1,7,-5
246,-1,7,-4
194,-1,7,-3
105,-1,7,-2
235,-1,7,-1
236,-1,7,0
237,-1,7,1
238,-1,7,2
239,-1,7,3
240,-1,7,4
241,-1,7,5
242,-1,7,6
243,-1,7,7
130,0,-8,-8
129,0,-8,-7
128,0,-8,-6
127,0,-8,-5
126,0,-8,-4
125,0,-8,-3
124,0,-8,-2
123,0,-8,-1
122,0,-8,0
123,0,-8,1
124,0,-8,2
125,0,-8,3
126,0,-8,4
127,0,-8,5
128,0,-8,6
129,0,-8,7
114,0,-7,-8
230,0,-7,-7
229,0,-7,-6
228,0,-7,-5
227,0,-7,-4
226,0,-7,-3
225,0,-7,-2
224,0,-7,-1
223,0,-7,0
121,0,-7,1
208,0,-7,2
234,0,-7,3
233,0,-7,4
232,0,-7,5
231,0,-7,6
201,0,-7,7
98,0,-6,-8
242,0,-6,-7
385,0,-6,-6
384,0,-6,-5
383,0,-6,-4
382,0,-6,-3
381,0,-6,-2
380,0,-6,-1
379,0,-6,0
236,0,-6,1
104,0,-6,2
193,0,-6,3
350,0,-6,4
386,0,-6,5
344,0,-6,6
187,0,-6,7
82,0,-5,-8
254,0,-5,-7
393,0,-5,-6
480,0,-5,-5
479,0,-5,-4
478,0,-5,-3
477,0,-5,-2
476,0,-5,-1
475,0,-5,0
388,0,-5,1
249,0,-5,2
87,0,-5,3
178,0,-5,4
339,0,-5,5
334,0,-5,6
173,0,-5,7
66,0,-4,-8
266,0,-4,-7
401,0,-4,-6
486,0,-4,-5
541,0,-4,-4
540,0,-4,-3
539,0,-4,-2
538,0,-4,-1
537,0,-4,0
482,0,-4,1
397,0,-4,2
262,0,-4,3
70,0,-4,4
163,0,-4,5
328,0,-4,6
159,0,-4,7
50,0,-3,-8
278,0,-3,-7
410,0,-3,-6
493,0,-3,-5
546,0,-3,-4
581,0,-3,-3
580,0,-3,-2
579,0,-3,-1
578,0,-3,0
543,0,-3,1
490,0,-3,2
407,0,-3,3
275,0,-3,4
53,0,-3,5
148,0,-3,6
145,0,-3,7
34,0,-2,-8
290,0,-2,-7
420,0,-2,-6
501,0,-2,-5
552,0,-2,-4
585,0,-2,-3
605,0,-2,-2
604,0,-2,-1
603,0,-2,0
583,0,-2,1
550,0,-2,2
499,0,-2,3
418,0,-2,4
288,0,-2,5
36,0,-2,6
137,0,-2,7
18,0,-1,-8
303,0,-1,-7
431,0,-1,-6
510,0,-1,-5
559,0,-1,-4
590,0,-1,-3
608,0,-1,-2
617,0,-1,-1
616,0,-1,0
607,0,-1,1
589,0,-1,2
558,0,-1,3
509,0,-1,4
430,0,-1,5
302,0,-1,6
19,0,-1,7
9,0,0,-8
317,0,0,-7
443,0,0,-6
520,0,0,-5
567,0,0,-4
596,0,0,-3
612,0,0,-2
619,0,0,-1
621,0,0,0
619,0,0,1
612,0,0,2
596,0,0,3
567,0,0,4
520,0,0,5
443,0,0,6
317,0,0,7
18,0,1,-8
19,0,1,-7
302,0,1,-6
430,0,1,-5
509,0,1,-4
558,0,1,-3
589,0,1,-2
607,0,1,-1
616,0,1,0
617,0,1,1
608,0,1,2
590,0,1,3
559,0,1,4
510,0,1,5
431,0,1,6
303,0,1,7
34,0,2,-8
137,0,2,-7
36,0,2,-6
288,0,2,-5
418,0,2,-4
499,0,2,-3
550,0,2,-2
583,0,2,-1
603,0,2,0
604,0,2,1
605,0,2,2
585,0,2,3
552,0,2,4
501,0,2,5
420,0,2,6
290,0,2,7
50,0,3,-8
145,0,3,-7
148,0,3,-6
53,0,3,-5
275,0,3,-4
407,0,3,-3
490,0,3,-2
543,0,3,-1
578,0,3,0
579,0,3,1
580,0,3,2
581,0,3,3
546,0,3,4
493,0,3,5
410,0,3,6
278,0,3,7
66,0,4,-8
159,0,4,-7
328,0,4,-6
163,0,4,-5
70,0,4,-4
262,0,4,-3
397,0,4,-2
482,0,4,-1
537,0,4,0
538,0,4,1
539,0,4,2
540,0,4,3
541,0,4,4
486,0,4,5
401,0,4,6
266,0,4,7
82,0,5,-8
173,0,5,-7
334,0,5,-6
339,0,5,-5
178,0,5,-4
87,0,5,-3
249,0,5,-2
388,0,5,-1
475,0,5,0
476,0,5,1
477,0,5,2
478,0,5,3
479,0,5,4
480,0,5,5
393,0,5,6
254,0,5,7
98,0,6,-8
187,0,6,-7
344,0,6,-6
386,0,6,-5
350,0,6,-4
193,0,6,-3
104,0,6,-2
236,0,6,-1
379,0,6,0
380,0,6,1
381,0,6,2
382,0,6,3
383,0,6,4
384,0,6,5
385,0,6,6
242,0,6,7
114,0,7,-8
201,0,7,-7
231,0,7,-6
232,0,7,-5
233,0,7,-4
234,0,7,-3
208,0,7,-2
121,0,7,-1
223,0,7,0
224,0,7,1
225,0,7,2
226,0,7,3
227,0,7,4
228,0,7,5
229,0,7,6
230,0,7,7
113,1,-8,-8
114,1,-8,-7
115,1,-8,-6
116,1,-8,-5
117,1,-8,-4
118,1,-8,-3
119,1,-8,-2
120,1,-8,-1
121,1,-8,0
106,1,-8,1
107,1,-8,2
108,1,-8,3
109,1,-8,4
110,1,-8,5
111,1,-8,6
112,1,-8,7
97,1,-7,-8
243,1,-7,-7
242,1,-7,-6
241,1,-7,-5
240,1,-7,-4
239,1,-7,-3
238,1,-7,-2
237,1,-7,-1
236,1,-7,0
235,1,-7,1
105,1,-7,2
194,1,-7,3
246,1,-7,4
245,1,-7,5
244,1,-7,6
186,1,-7,7
81,1,-6,-8
255,1,-6,-7
394,1,-6,-6
393,1,-6,-5
392,1,-6,-4
391,1,-6,-3
390,1,-6,-2
389,1,-6,-1
388,1,-6,0
387,1,-6,1
248,1,-6,2
88,1,-6,3
179,1,-6,4
340,1,-6,5
333,1,-6,6
172,1,-6,7
65,1,-5,-8
267,1,-5,-7
402,1,-5,-6
487,1,-5,-5
486,1,-5,-4
485,1,-5,-3
484,1,-5,-2
483,1,-5,-1
482,1,-5,0
481,1,-5,1
396,1,-5,2
261,1,-5,3
71,1,-5,4
164,1,-5,5
327,1,-5,6
158,1,-5,7
49,1,-4,-8
279,1,-4,-7
411,1,-4,-6
494,1,-4,-5
547,1,-4,-4
546,1,-4,-3
545,1,-4,-2
544,1,-4,-1
543,1,-4,0
542,1,-4,1
489,1,-4,2
406,1,-4,3
274,1,-4,4
54,1,-4,5
149,1,-4,6
144,1,-4,7
33,1,-3,-8
291,1,-3,-7
421,1,-3,-6
502,1,-3,-5
553,1,-3,-4
586,1,-3,-3
585,1,-3,-2
584,1,-3,-1
583,1,-3,0
582,1,-3,1
549,1,-3,2
498,1,-3,3
417,1,-3,4
287,1,-3,5
37,1,-3,6
136,1,-3,7
17,1,-2,-8
304,1,-2,-7
432,1,-2,-6
511,1,-2,-5
560,1,-2,-4
591,1,-2,-3
609,1,-2,-2
608,1,-2,-1
607,1,-2,0
606,1,-2,1
588,1,-2,2
557,1,-2,3
508,1,-2,4
429,1,-2,5
301,1,-2,6
20,1,-2,7
8,1,-1,-8
318,1,-1,-7
444,1,-1,-6
521,1,-1,-5
568,1,-1,-4
597,1,-1,-3
613,1,-1,-2
620,1,-1,-1
619,1,-1,0
618,1,-1,1
611,1,-1,2
595,1,-1,3
566,1,-1,4
519,1,-1,5
442,1,-1,6
316,1,-1,7
19,1,0,-8
18,1,0,-7
303,1,0,-6
431,1,0,-5
510,1,0,-4
559,1,0,-3
590,1,0,-2
608,1,0,-1
617,1,0,0
616,1,0,1
607,1,0,2
589,1,0,3
558,1,0,4
509,1,0,5
430,1,0,6
302,1,0,7
35,1,1,-8
138,1,1,-7
35,1,1,-6
289,1,1,-5
419,1,1,-4
500,1,1,-3
551,1,1,-2
584,1,1,-1
604,1,1,0
615,1,1,1
604,1,1,2
584,1,1,3
551,1,1,4
500,1,1,5
419,1,1,6
289,1,1,7
51,1,2,-8
146,1,2,-7
147,1,2,-6
52,1,2,-5
276,1,2,-4
408,1,2,-3
491,1,2,-2
544,1,2,-1
579,1,2,0
601,1,2,1
602,1,2,2
580,1,2,3
545,1,2,4
492,1,2,5
409,1,2,6
277,1,2,7
67,1,3,-8
160,1,3,-7
329,1,3,-6
162,1,3,-5
69,1,3,-4
263,1,3,-3
398,1,3,-2
483,1,3,-1
538,1,3,0
575,1,3,1
576,1,3,2
577,1,3,3
540,1,3,4
485,1,3,5
400,1,3,6
265,1,3,7
83,1,4,-8
174,1,4,-7
335,1,4,-6
338,1,4,-5
177,1,4,-4
86,1,4,-3
250,1,4,-2
389,1,4,-1
476,1,4,0
533,1,4,1
534,1,4,2
535,1,4,3
536,1,4,4
479,1,4,5
392,1,4,6
253,1,4,7
99,1,5,-8
188,1,5,-7
345,1,5,-6
451,1,5,-5
349,1,5,-4
192,1,5,-3
103,1,5,-2
237,1,5,-1
380,1,5,0
470,1,5,1
471,1,5,2
472,1,5,3
473,1,5,4
474,1,5,5
384,1,5,6
241,1,5,7
115,1,6,-8
202,1,6,-7
355,1,6,-6
377,1,6,-5
378,1,6,-4
360,1,6,-3
207,1,6,-2
120,1,6,-1
224,1,6,0
371,1,6,1
372,1,6,2
373,1,6,3
374,1,6,4
375,1,6,5
376,1,6,6
229,1,6,7
129,1,7,-8
216,1,7,-7
217,1,7,-6
218,1,7,-5
219,1,7,-4
220,1,7,-3
221,1,7,-2
222,1,7,-1
123,1,7,0
209,1,7,1
210,1,7,2
211,1,7,3
212,1,7,4
213,1,7,5
214,1,7,6
215,1,7,7
96,2,-8,-8
97,2,-8,-7
98,2,-8,-6
99,2,-8,-5
100,2,-8,-4
101,2,-8,-3
102,2,-8,-2
103,2,-8,-1
104,2,-8,0
105,2,-8,1
90,2,-8,2
91,2,-8,3
92,2,-8,4
93,2,-8,5
94,2,-8,6
95,2,-8,7
80,2,-7,-8
256,2,-7,-7
255,2,-7,-6
254,2,-7,-5
253,2,-7,-4
252,2,-7,-3
251,2,-7,-2
250,2,-7,-1
249,2,-7,0
248,2,-7,1
247,2,-7,2
89,2,-7,3
180,2,-7,4
258,2,-7,5
257,2,-7,6
171,2,-7,7
64,2,-6,-8
268,2,-6,-7
403,2,-6,-6
402,2,-6,-5
401,2,-6,-4
400,2,-6,-3
399,2,-6,-2
398,2,-6,-1
397,2,-6,0
396,2,-6,1
395,2,-6,2
260,2,-6,3
72,2,-6,4
165,2,-6,5
326,2,-6,6
157,2,-6,7
48,2,-5,-8
280,2,-5,-7
412,2,-5,-6
495,2,-5,-5
494,2,-5,-4
493,2,-5,-3
492,2,-5,-2
491,2,-5,-1
490,2,-5,0
489,2,-5,1
488,2,-5,2
405,2,-5,3
273,2,-5,4
55,2,-5,5
150,2,-5,6
143,2,-5,7
32,2,-4,-8
292,2,-4,-7
422,2,-4,-6
503,2,-4,-5
554,2,-4,-4
553,2,-4,-3
552,2,-4,-2
551,2,-4,-1
550,2,-4,0
549,2,-4,1
548,2,-4,2
497,2,-4,3
416,2,-4,4
286,2,-4,5
38,2,-4,6
135,2,-4,7
16,2,-3,-8
305,2,-3,-7
433,2,-3,-6
512,2,-3,-5
561,2,-3,-4
592,2,-3,-3
591,2,-3,-2
590,2,-3,-1
589,2,-3,0
588,2,-3,1
587,2,-3,2
556,2,-3,3
507,2,-3,4
428,2,-3,5
300,2,-3,6
21,2,-3,7
7,2,-2,-8
319,2,-2,-7
445,2,-2,-6
522,2,-2,-5
569,2,-2,-4
598,2,-2,-3
614,2,-2,-2
613,2,-2,-1
612,2,-2,0
611,2,-2,1
610,2,-2,2
594,2,-2,3
565,2,-2,4
518,2,-2,5
441,2,-2,6
315,2,-2,7
20,2,-1,-8
17,2,-1,-7
304,2,-1,-6
432,2,-1,-5
511,2,-1,-4
560,2,-1,-3
591,2,-1,-2
609,2,-1,-1
608,2,-1,0
607,2,-1,1
606,2,-1,2
588,2,-1,3
557,2,-1,4
508,2,-1,5
429,2,-1,6
301,2,-1,7
36,2,0,-8
137,2,0,-7
34,2,0,-6
290,2,0,-5
420,2,0,-4
501,2,0,-3
552,2,0,-2
585,2,0,-1
605,2,0,0
604,2,0,1
603,2,0,2
583,2,0,3
550,2,0,4
499,2,0,5
418,2,0,6
288,2,0,7
52,2,1,-8
147,2,1,-7
146,2,1,-6
51,2,1,-5
277,2,1,-4
409,2,1,-3
492,2,1,-2
545,2,1,-1
580,2,1,0
602,2,1,1
601,2,1,2
579,2,1,3
544,2,1,4
491,2,1,5
408,2,1,6
276,2,1,7
68,2,2,-8
161,2,2,-7
330,2,2,-6
161,2,2,-5
68,2,2,-4
264,2,2,-3
399,2,2,-2
484,2,2,-1
539,2,2,0
576,2,2,1
600,2,2,2
576,2,2,3
539,2,2,4
484,2,2,5
399,2,2,6
264,2,2,7
84,2,3,-8
175,2,3,-7
336,2,3,-6
337,2,3,-5
176,2,3,-4
85,2,3,-3
251,2,3,-2
390,2,3,-1
477,2,3,0
534,2,3,1
573,2,3,2
574,2,3,3
535,2,3,4
478,2,3,5
391,2,3,6
252,2,3,7
100,2,4,-8
189,2,4,-7
346,2,4,-6
452,2,4,-5
348,2,4,-4
191,2,4,-3
102,2,4,-2
238,2,4,-1
381,2,4,0
471,2,4,1
530,2,4,2
531,2,4,3
532,2,4,4
473,2,4,5
383,2,4,6
240,2,4,7
116,2,5,-8
203,2,5,-7
356,2,5,-6
456,2,5,-5
459,2,5,-4
359,2,5,-3
206,2,5,-2
119,2,5,-1
225,2,5,0
372,2,5,1
466,2,5,2
467,2,5,3
468,2,5,4
469,2,5,5
375,2,5,6
228,2,5,7
128,2,6,-8
217,2,6,-7
366,2,6,-6
367,2,6,-5
368,2,6,-4
369,2,6,-3
370,2,6,-2
221,2,6,-1
124,2,6,0
210,2,6,1
361,2,6,2
362,2,6,3
363,2,6,4
364,2,6,5
365,2,6,6
214,2,6,7
112,2,7,-8
201,2,7,-7
202,2,7,-6
203,2,7,-5
204,2,7,-4
205,2,7,-3
206,2,7,-2
207,2,7,-1
208,2,7,0
107,2,7,1
195,2,7,2
196,2,7,3
197,2,7,4
198,2,7,5
199,2,7,6
200,2,7,7
79,3,-8,-8
80,3,-8,-7
81,3,-8,-6
82,3,-8,-5
83,3,-8,-4
84,3,-8,-3
85,3,-8,-2
86,3,-8,-1
87,3,-8,0
88,3,-8,1
89,3,-8,2
74,3,-8,3
75,3,-8,4
76,3,-8,5
77,3,-8,6
78,3,-8,7
63,3,-7,-8
269,3,-7,-7
268,3,-7,-6
267,3,-7,-5
266,3,-7,-4
265,3,-7,-3
264,3,-7,-2
263,3,-7,-1
262,3,-7,0
261,3,-7,1
260,3,-7,2
259,3,-7,3
73,3,-7,4
166,3,-7,5
270,3,-7,6
156,3,-7,7
47,3,-6,-8
281,3,-6,-7
413,3,-6,-6
412,3,-6,-5
411,3,-6,-4
410,3,-6,-3
409,3,-6,-2
408,3,-6,-1
407,3,-6,0
406,3,-6,1
405,3,-6,2
404,3,-6,3
272,3,-6,4
56,3,-6,5
151,3,-6,6
142,3,-6,7
31,3,-5,-8
293,3,-5,-7
423,3,-5,-6
504,3,-5,-5
503,3,-5,-4
502,3,-5,-3
501,3,-5,-2
500,3,-5,-1
499,3,-5,0
498,3,-5,1
497,3,-5,2
496,3,-5,3
415,3,-5,4
285,3,-5,5
39,3,-5,6
134,3,-5,7
15,3,-4,-8
306,3,-4,-7
434,3,-4,-6
513,3,-4,-5
562,3,-4,-4
561,3,-4,-3
560,3,-4,-2
559,3,-4,-1
558,3,-4,0
557,3,-4,1
556,3,-4,2
555,3,-4,3
506,3,-4,4
427,3,-4,5
299,3,-4,6
22,3,-4,7
6,3,-3,-8
320,3,-3,-7
446,3,-3,-6
523,3,-3,-5
570,3,-3,-4
599,3,-3,-3
598,3,-3,-2
597,3,-3,-1
596,3,-3,0
595,3,-3,1
594,3,-3,2
593,3,-3,3
564,3,-3,4
517,3,-3,5
440,3,-3,6
314,3,-3,7
21,3,-2,-8
16,3,-2,-7
305,3,-2,-6
433,3,-2,-5
512,3,-2,-4
561,3,-2,-3
592,3,-2,-2
591,3,-2,-1
590,3,-2,0
589,3,-2,1
588,3,-2,2
587,3,-2,3
556,3,-2,4
507,3,-2,5
428,3,-2,6
300,3,-2,7
37,3,-1,-8
136,3,-1,-7
33,3,-1,-6
291,3,-1,-5
421,3,-1,-4
502,3,-1,-3
553,3,-1,-2
586,3,-1,-1
585,3,-1,0
584,3,-1,1
583,3,-1,2
582,3,-1,3
549,3,-1,4
498,3,-1,5
417,3,-1,6
287,3,-1,7
53,3,0,-8
148,3,0,-7
145,3,0,-6
50,3,0,-5
278,3,0,-4
410,3,0,-3
493,3,0,-2
546,3,0,-1
581,3,0,0
580,3,0,1
579,3,0,2
578,3,0,3
543,3,0,4
490,3,0,5
407,3,0,6
275,3,0,7
69,3,1,-8
162,3,1,-7
329,3,1,-6
160,3,1,-5
67,3,1,-4
265,3,1,-3
400,3,1,-2
485,3,1,-1
540,3,1,0
577,3,1,1
576,3,1,2
575,3,1,3
538,3,1,4
483,3,1,5
398,3,1,6
263,3,1,7
85,3,2,-8
176,3,2,-7
337,3,2,-6
336,3,2,-5
175,3,2,-4
84,3,2,-3
252,3,2,-2
391,3,2,-1
478,3,2,0
535,3,2,1
574,3,2,2
573,3,2,3
534,3,2,4
477,3,2,5
390,3,2,6
251,3,2,7
101,3,3,-8
190,3,3,-7
347,3,3,-6
453,3,3,-5
347,3,3,-4
190,3,3,-3
101,3,3,-2
239,3,3,-1
382,3,3,0
472,3,3,1
531,3,3,2
572,3,3,3
531,3,3,4
472,3,3,5
382,3,3,6
239,3,3,7
117,3,4,-8
204,3,4,-7
357,3,4,-6
457,3,4,-5
458,3,4,-4
358,3,4,-3
205,3,4,-2
118,3,4,-1
226,3,4,0
373,3,4,1
467,3,4,2
528,3,4,3
529,3,4,4
468,3,4,5
374,3,4,6
227,3,4,7
127,3,5,-8
218,3,5,-7
367,3,5,-6
463,3,5,-5
464,3,5,-4
465,3,5,-3
369,3,5,-2
220,3,5,-1
125,3,5,0
211,3,5,1
362,3,5,2
460,3,5,3
461,3,5,4
462,3,5,5
364,3,5,6
213,3,5,7
111,3,6,-8
231,3,6,-7
355,3,6,-6
356,3,6,-5
357,3,6,-4
358,3,6,-3
359,3,6,-2
360,3,6,-1
234,3,6,0
108,3,6,1
196,3,6,2
351,3,6,3
352,3,6,4
353,3,6,5
354,3,6,6
199,3,6,7
95,3,7,-8
186,3,7,-7
187,3,7,-6
188,3,7,-5
189,3,7,-4
190,3,7,-3
191,3,7,-2
192,3,7,-1
193,3,7,0
194,3,7,1
91,3,7,2
181,3,7,3
182,3,7,4
183,3,7,5
184,3,7,6
185,3,7,7
62,4,-8,-8
63,4,-8,-7
64,4,-8,-6
65,4,-8,-5
66,4,-8,-4
67,4,-8,-3
68,4,-8,-2
69,4,-8,-1
70,4,-8,0
71,4,-8,1
72,4,-8,2
73,4,-8,3
58,4,-8,4
59,4,-8,5
60,4,-8,6
61,4,-8,7
46,4,-7,-8
282,4,-7,-7
281,4,-7,-6
280,4,-7,-5
279,4,-7,-4
278,4,-7,-3
277,4,-7,-2
276,4,-7,-1
275,4,-7,0
274,4,-7,1
273,4,-7,2
272,4,-7,3
271,4,-7,4
57,4,-7,5
152,4,-7,6
141,4,-7,7
30,4,-6,-8
294,4,-6,-7
424,4,-6,-6
423,4,-6,-5
422,4,-6,-4
421,4,-6,-3
420,4,-6,-2
419,4,-6,-1
418,4,-6,0
417,4,-6,1
416,4,-6,2
415,4,-6,3
414,4,-6,4
284,4,-6,5
40,4,-6,6
133,4,-6,7
14,4,-5,-8
307,4,-5,-7
435,4,-5,-6
514,4,-5,-5
513,4,-5,-4
512,4,-5,-3
511,4,-5,-2
510,4,-5,-1
509,4,-5,0
508,4,-5,1
507,4,-5,2
506,4,-5,3
505,4,-5,4
426,4,-5,5
298,4,-5,6
23,4,-5,7
5,4,-4,-8
321,4,-4,-7
447,4,-4,-6
524,4,-4,-5
571,4,-4,-4
570,4,-4,-3
569,4,-4,-2
568,4,-4,-1
567,4,-4,0
566,4,-4,1
565,4,-4,2
564,4,-4,3
563,4,-4,4
516,4,-4,5
439,4,-4,6
313,4,-4,7
22,4,-3,-8
15,4,-3,-7
306,4,-3,-6
434,4,-3,-5
513,4,-3,-4
562,4,-3,-3
561,4,-3,-2
560,4,-3,-1
559,4,-3,0
558,4,-3,1
557,4,-3,2
556,4,-3,3
555,4,-3,4
506,4,-3,5
427,4,-3,6
299,4,-3,7
38,4,-2,-8
135,4,-2,-7
32,4,-2,-6
292,4,-2,-5
422,4,-2,-4
503,4,-2,-3
554,4,-2,-2
553,4,-2,-1
552,4,-2,0
551,4,-2,1
550,4,-2,2
549,4,-2,3
548,4,-2,4
497,4,-2,5
416,4,-2,6
286,4,-2,7
54,4,-1,-8
149,4,-1,-7
144,4,-1,-6
49,4,-1,-5
279,4,-1,-4
411,4,-1,-3
494,4,-1,-2
547,4,-1,-1
546,4,-1,0
545,4,-1,1
544,4,-1,2
543,4,-1,3
542,4,-1,4
489,4,-1,5
406,4,-1,6
274,4,-1,7
70,4,0,-8
163,4,0,-7
328,4,0,-6
159,4,0,-5
66,4,0,-4
266,4,0,-3
401,4,0,-2
486,4,0,-1
541,4,0,0
540,4,0,1
539,4,0,2
538,4,0,3
537,4,0,4
482,4,0,5
397,4,0,6
262,4,0,7
86,4,1,-8
177,4,1,-7
338,4,1,-6
335,4,1,-5
174,4,1,-4
83,4,1,-3
253,4,1,-2
392,4,1,-1
479,4,1,0
536,4,1,1
535,4,1,2
534,4,1,3
533,4,1,4
476,4,1,5
389,4,1,6
250,4,1,7
102,4,2,-8
191,4,2,-7
348,4,2,-6
452,4,2,-5
346,4,2,-4
189,4,2,-3
100,4,2,-2
240,4,2,-1
383,4,2,0
473,4,2,1
532,4,2,2
531,4,2,3
530,4,2,4
471,4,2,5
381,4,2,6
238,4,2,7
118,4,3,-8
205,4,3,-7
358,4,3,-6
458,4,3,-5
457,4,3,-4
357,4,3,-3
204,4,3,-2
117,4,3,-1
227,4,3,0
374,4,3,1
468,4,3,2
529,4,3,3
528,4,3,4
467,4,3,5
373,4,3,6
226,4,3,7
126,4,4,-8
219,4,4,-7
368,4,4,-6
464,4,4,-5
527,4,4,-4
464,4,4,-3
368,4,4,-2
219,4,4,-1
126,4,4,0
212,4,4,1
363,4,4,2
461,4,4,3
526,4,4,4
461,4,4,5
363,4,4,6
212,4,4,7
110,4,5,-8
232,4,5,-7
377,4,5,-6
456,4,5,-5
457,4,5,-4
458,4,5,-3
459,4,5,-2
378,4,5,-1
233,4,5,0
109,4,5,1
197,4,5,2
352,4,5,3
454,4,5,4
455,4,5,5
353,4,5,6
198,4,5,7
94,4,6,-8
244,4,6,-7
344,4,6,-6
345,4,6,-5
346,4,6,-4
347,4,6,-3
348,4,6,-2
349,4,6,-1
350,4,6,0
246,4,6,1
92,4,6,2
182,4,6,3
341,4,6,4
342,4,6,5
343,4,6,6
184,4,6,7
78,4,7,-8
171,4,7,-7
172,4,7,-6
173,4,7,-5
174,4,7,-4
175,4,7,-3
176,4,7,-2
177,4,7,-1
178,4,7,0
179,4,7,1
180,4,7,2
75,4,7,3
167,4,7,4
168,4,7,5
169,4,7,6
170,4,7,7
45,5,-8,-8
46,5,-8,-7
47,5,-8,-6
48,5,-8,-5
49,5,-8,-4
50,5,-8,-3
51,5,-8,-2
52,5,-8,-1
53,5,-8,0
54,5,-8,1
55,5,-8,2
56,5,-8,3
57,5,-8,4
42,5,-8,5
43,5,-8,6
44,5,-8,7
29,5,-7,-8
295,5,-7,-7
294,5,-7,-6
293,5,-7,-5
292,5,-7,-4
291,5,-7,-3
290,5,-7,-2
289,5,-7,-1
288,5,-7,0
287,5,-7,1
286,5,-7,2
285,5,-7,3
284,5,-7,4
283,5,-7,5
41,5,-7,6
132,5,-7,7
13,5,-6,-8
308,5,-6,-7
436,5,-6,-6
435,5,-6,-5
434,5,-6,-4
433,5,-6,-3
432,5,-6,-2
431,5,-6,-1
430,5,-6,0
429,5,-6,1
428,5,-6,2
427,5,-6,3
426,5,-6,4
425,5,-6,5
297,5,-6,6
24,5,-6,7
4,5,-5,-8
322,5,-5,-7
448,5,-5,-6
525,5,-5,-5
524,5,-5,-4
523,5,-5,-3
522,5,-5,-2
521,5,-5,-1
520,5,-5,0
519,5,-5,1
518,5,-5,2
517,5,-5,3
516,5,-5,4
515,5,-5,5
438,5,-5,6
312,5,-5,7
23,5,-4,-8
14,5,-4,-7
307,5,-4,-6
435,5,-4,-5
514,5,-4,-4
513,5,-4,-3
512,5,-4,-2
511,5,-4,-1
510,5,-4,0
509,5,-4,1
508,5,-4,2
507,5,-4,3
506,5,-4,4
505,5,-4,5
426,5,-4,6
298,5,-4,7
39,5,-3,-8
134,5,-3,-7
31,5,-3,-6
293,5,-3,-5
423,5,-3,-4
504,5,-3,-3
503,5,-3,-2
502,5,-3,-1
501,5,-3,0
500,5,-3,1
499,5,-3,2
498,5,-3,3
497,5,-3,4
496,5,-3,5
415,5,-3,6
285,5,-3,7
55,5,-2,-8
150,5,-2,-7
143,5,-2,-6
48,5,-2,-5
280,5,-2,-4
412,5,-2,-3
495,5,-2,-2
494,5,-2,-1
493,5,-2,0
492,5,-2,1
491,5,-2,2
490,5,-2,3
489,5,-2,4
488,5,-2,5
405,5,-2,6
273,5,-2,7
71,5,-1,-8
164,5,-1,-7
327,5,-1,-6
158,5,-1,-5
65,5,-1,-4
267,5,-1,-3
402,5,-1,-2
487,5,-1,-1
486,5,-1,0
485,5,-1,1
484,5,-1,2
483,5,-1,3
482,5,-1,4
481,5,-1,5
396,5,-1,6
261,5,-1,7
87,5,0,-8
178,5,0,-7
339,5,0,-6
334,5,0,-5
173,5,0,-4
82,5,0,-3
254,5,0,-2
393,5,0,-1
480,5,0,0
479,5,0,1
478,5,0,2
477,5,0,3
476,5,0,4
475,5,0,5
388,5,0,6
249,5,0,7
103,5,1,-8
192,5,1,-7
349,5,1,-6
451,5,1,-5
345,5,1,-4
188,5,1,-3
99,5,1,-2
241,5,1,-1
384,5,1,0
474,5,1,1
473,5,1,2
472,5,1,3
471,5,1,4
470,5,1,5
380,5,1,6
237,5,1,7
119,5,2,-8
206,5,2,-7
359,5,2,-6
459,5,2,-5
456,5,2,-4
356,5,2,-3
203,5,2,-2
116,5,2,-1
228,5,2,0
375,5,2,1
469,5,2,2
468,5,2,3
467,5,2,4
466,5,2,5
372,5,2,6
225,5,2,7
125,5,3,-8
220,5,3,-7
369,5,3,-6
465,5,3,-5
464,5,3,-4
463,5,3,-3
367,5,3,-2
218,5,3,-1
127,5,3,0
213,5,3,1
364,5,3,2
462,5,3,3
461,5,3,4
460,5,3,5
362,5,3,6
211,5,3,7
109,5,4,-8
233,5,4,-7
378,5,4,-6
459,5,4,-5
458,5,4,-4
457,5,4,-3
456,5,4,-2
377,5,4,-1
232,5,4,0
110,5,4,1
198,5,4,2
353,5,4,3
455,5,4,4
454,5,4,5
352,5,4,6
197,5,4,7
93,5,5,-8
245,5,5,-7
386,5,5,-6
451,5,5,-5
452,5,5,-4
453,5,5,-3
452,5,5,-2
451,5,5,-1
386,5,5,0
245,5,5,1
93,5,5,2
183,5,5,3
342,5,5,4
450,5,5,5
342,5,5,6
183,5,5,7
77,5,6,-8
257,5,6,-7
333,5,6,-6
334,5,6,-5
335,5,6,-4
336,5,6,-3
337,5,6,-2
338,5,6,-1
339,5,6,0
340,5,6,1
258,5,6,2
76,5,6,3
168,5,6,4
331,5,6,5
332,5,6,6
169,5,6,7
61,5,7,-8
156,5,7,-7
157,5,7,-6
158,5,7,-5
159,5,7,-4
160,5,7,-3
161,5,7,-2
162,5,7,-1
163,5,7,0
164,5,7,1
165,5,7,2
166,5,7,3
59,5,7,4
153,5,7,5
154,5,7,6
155,5,7,7
28,6,-8,-8
29,6,-8,-7
30,6,-8,-6
31,6,-8,-5
32,6,-8,-4
33,6,-8,-3
34,6,-8,-2
35,6,-8,-1
36,6,-8,0
37,6,-8,1
38,6,-8,2
39,6,-8,3
40,6,-8,4
41,6,-8,5
26,6,-8,6
27,6,-8,7
12,6,-7,-8
309,6,-7,-7
308,6,-7,-6
307,6,-7,-5
306,6,-7,-4
305,6,-7,-3
304,6,-7,-2
303,6,-7,-1
302,6,-7,0
301,6,-7,1
300,6,-7,2
299,6,-7,3
298,6,-7,4
297,6,-7,5
296,6,-7,6
25,6,-7,7
3,6,-6,-8
323,6,-6,-7
449,6,-6,-6
448,6,-6,-5
447,6,-6,-4
446,6,-6,-3
445,6,-6,-2
444,6,-6,-1
443,6,-6,0
442,6,-6,1
441,6,-6,2
440,6,-6,3
439,6,-6,4
438,6,-6,5
437,6,-6,6
311,6,-6,7
24,6,-5,-8
13,6,-5,-7
308,6,-5,-6
436,6,-5,-5
435,6,-5,-4
434,6,-5,-3
433,6,-5,-2
432,6,-5,-1
431,6,-5,0
430,6,-5,1
429,6,-5,2
428,6,-5,3
427,6,-5,4
426,6,-5,5
425,6,-5,6
297,6,-5,7
40,6,-4,-8
133,6,-4,-7
30,6,-4,-6
294,6,-4,-5
424,6,-4,-4
423,6,-4,-3
422,6,-4,-2
421,6,-4,-1
420,6,-4,0
419,6,-4,1
418,6,-4,2
417,6,-4,3
416,6,-4,4
415,6,-4,5
414,6,-4,6
284,6,-4,7
56,6,-3,-8
151,6,-3,-7
142,6,-3,-6
47,6,-3,-5
281,6,-3,-4
413,6,-3,-3
412,6,-3,-2
411,6,-3,-1
410,6,-3,0
409,6,-3,1
408,6,-3,2
407,6,-3,3
406,6,-3,4
405,6,-3,5
404,6,-3,6
272,6,-3,7
72,6,-2,-8
165,6,-2,-7
326,6,-2,-6
157,6,-2,-5
64,6,-2,-4
268,6,-2,-3
403,6,-2,-2
402,6,-2,-1
401,6,-2,0
400,6,-2,1
399,6,-2,2
398,6,-2,3
397,6,-2,4
396,6,-2,5
395,6,-2,6
260,6,-2,7
88,6,-1,-8
179,6,-1,-7
340,6,-1,-6
333,6,-1,-5
172,6,-1,-4
81,6,-1,-3
255,6,-1,-2
394,6,-1,-1
393,6,-1,0
392,6,-1,1
391,6,-1,2
390,6,-1,3
389,6,-1,4
388,6,-1,5
387,6,-1,6
248,6,-1,7
104,6,0,-8
193,6,0,-7
350,6,0,-6
386,6,0,-5
344,6,0,-4
187,6,0,-3
98,6,0,-2
242,6,0,-1
385,6,0,0
384,6,0,1
383,6,0,2
382,6,0,3
381,6,0,4
380,6,0,5
379,6,0,6
236,6,0,7
120,6,1,-8
207,6,1,-7
360,6,1,-6
378,6,1,-5
377,6,1,-4
355,6,1,-3
202,6,1,-2
115,6,1,-1
229,6,1,0
376,6,1,1
375,6,1,2
374,6,1,3
373,6,1,4
372,6,1,5
371,6,1,6
224,6,1,7
124,6,2,-8
221,6,2,-7
370,6,2,-6
369,6,2,-5
368,6,2,-4
367,6,2,-3
366,6,2,-2
217,6,2,-1
128,6,2,0
214,6,2,1
365,6,2,2
364,6,2,3
363,6,2,4
362,6,2,5
361,6,2,6
210,6,2,7
108,6,3,-8
234,6,3,-7
360,6,3,-6
359,6,3,-5
358,6,3,-4
357,6,3,-3
356,6,3,-2
355,6,3,-1
231,6,3,0
111,6,3,1
199,6,3,2
354,6,3,3
353,6,3,4
352,6,3,5
351,6,3,6
196,6,3,7
92,6,4,-8
246,6,4,-7
350,6,4,-6
349,6,4,-5
348,6,4,-4
347,6,4,-3
346,6,4,-2
345,6,4,-1
344,6,4,0
244,6,4,1
94,6,4,2
184,6,4,3
343,6,4,4
342,6,4,5
341,6,4,6
182,6,4,7
76,6,5,-8
258,6,5,-7
340,6,5,-6
339,6,5,-5
338,6,5,-4
337,6,5,-3
336,6,5,-2
335,6,5,-1
334,6,5,0
333,6,5,1
257,6,5,2
77,6,5,3
169,6,5,4
332,6,5,5
331,6,5,6
168,6,5,7
60,6,6,-8
270,6,6,-7
326,6,6,-6
327,6,6,-5
328,6,6,-4
329,6,6,-3
330,6,6,-2
329,6,6,-1
328,6,6,0
327,6,6,1
326,6,6,2
270,6,6,3
60,6,6,4
154,6,6,5
325,6,6,6
154,6,6,7
44,6,7,-8
141,6,7,-7
142,6,7,-6
143,6,7,-5
144,6,7,-4
145,6,7,-3
146,6,7,-2
147,6,7,-1
148,6,7,0
149,6,7,1
150,6,7,2
151,6,7,3
152,6,7,4
43,6,7,5
139,6,7,6
140,6,7,7
11,7,-8,-8
12,7,-8,-7
13,7,-8,-6
14,7,-8,-5
15,7,-8,-4
16,7,-8,-3
17,7,-8,-2
18,7,-8,-1
19,7,-8,0
20,7,-8,1
21,7,-8,2
22,7,-8,3
23,7,-8,4
24,7,-8,5
25,7,-8,6
10,7,-8,7
2,7,-7,-8
324,7,-7,-7
323,7,-7,-6
322,7,-7,-5
321,7,-7,-4
320,7,-7,-3
319,7,-7,-2
318,7,-7,-1
317,7,-7,0
316,7,-7,1
315,7,-7,2
314,7,-7,3
313,7,-7,4
312,7,-7,5
311,7,-7,6
310,7,-7,7
25,7,-6,-8
12,7,-6,-7
309,7,-6,-6
308,7,-6,-5
307,7,-6,-4
306,7,-6,-3
305,7,-6,-2
304,7,-6,-1
303,7,-6,0
302,7,-6,1
301,7,-6,2
300,7,-6,3
299,7,-6,4
298,7,-6,5
297,7,-6,6
296,7,-6,7
41,7,-5,-8
132,7,-5,-7
29,7,-5,-6
295,7,-5,-5
294,7,-5,-4
293,7,-5,-3
292,7,-5,-2
291,7,-5,-1
290,7,-5,0
289,7,-5,1
288,7,-5,2
287,7,-5,3
286,7,-5,4
285,7,-5,5
284,7,-5,6
283,7,-5,7
57,7,-4,-8
152,7,-4,-7
141,7,-4,-6
46,7,-4,-5
282,7,-4,-4
281,7,-4,-3
280,7,-4,-2
279,7,-4,-1
278,7,-4,0
277,7,-4,1
276,7,-4,2
275,7,-4,3
274,7,-4,4
273,7,-4,5
272,7,-4,6
271,7,-4,7
73,7,-3,-8
166,7,-3,-7
270,7,-3,-6
156,7,-3,-5
63,7,-3,-4
269,7,-3,-3
268,7,-3,-2
267,7,-3,-1
266,7,-3,0
265,7,-3,1
264,7,-3,2
263,7,-3,3
262,7,-3,4
261,7,-3,5
260,7,-3,6
259,7,-3,7
89,7,-2,-8
180,7,-2,-7
258,7,-2,-6
257,7,-2,-5
171,7,-2,-4
80,7,-2,-3
256,7,-2,-2
255,7,-2,-1
254,7,-2,0
253,7,-2,1
252,7,-2,2
251,7,-2,3
250,7,-2,4
249,7,-2,5
248,7,-2,6
247,7,-2,7
105,7,-1,-8
194,7,-1,-7
246,7,-1,-6
245,7,-1,-5
244,7,-1,-4
186,7,-1,-3
97,7,-1,-2
243,7,-1,-1
242,7,-1,0
241,7,-1,1
240,7,-1,2
239,7,-1,3
238,7,-1,4
237,7,-1,5
236,7,-1,6
235,7,-1,7
121,7,0,-8
208,7,0,-7
234,7,0,-6
233,7,0,-5
232,7,0,-4
231,7,0,-3
201,7,0,-2
114,7,0,-1
230,7,0,0
229,7,0,1
228,7,0,2
227,7,0,3
226,7,0,4
225,7,0,5
224,7,0,6
223,7,0,7
123,7,1,-8
222,7,1,-7
221,7,1,-6
220,7,1,-5
219,7,1,-4
218,7,1,-3
217,7,1,-2
216,7,1,-1
129,7,1,0
215,7,1,1
214,7,1,2
213,7,1,3
212,7,1,4
211,7,1,5
210,7,1,6
209,7,1,7
107,7,2,-8
208,7,2,-7
207,7,2,-6
206,7,2,-5
205,7,2,-4
204,7,2,-3
203,7,2,-2
202,7,2,-1
201,7,2,0
112,7,2,1
200,7,2,2
199,7,2,3
198,7,2,4
197,7,2,5
196,7,2,6
195,7,2,7
91,7,3,-8
194,7,3,-7
193,7,3,-6
192,7,3,-5
191,7,3,-4
190,7,3,-3
189,7,3,-2
188,7,3,-1
187,7,3,0
186,7,3,1
95,7,3,2
185,7,3,3
184,7,3,4
183,7,3,5
182,7,3,6
181,7,3,7
75,7,4,-8
180,7,4,-7
179,7,4,-6
178,7,4,-5
177,7,4,-4
176,7,4,-3
175,7,4,-2
174,7,4,-1
173,7,4,0
172,7,4,1
171,7,4,2
78,7,4,3
170,7,4,4
169,7,4,5
168,7,4,6
167,7,4,7
59,7,5,-8
166,7,5,-7
165,7,5,-6
164,7,5,-5
163,7,5,-4
162,7,5,-3
161,7,5,-2
160,7,5,-1
159,7,5,0
158,7,5,1
157,7,5,2
156,7,5,3
61,7,5,4
155,7,5,5
154,7,5,6
153,7,5,7
43,7,6,-8
152,7,6,-7
151,7,6,-6
150,7,6,-5
149,7,6,-4
148,7,6,-3
147,7,6,-2
146,7,6,-1
145,7,6,0
144,7,6,1
143,7,6,2
142,7,6,3
141,7,6,4
44,7,6,5
140,7,6,6
139,7,6,7
27,7,7,-8
132,7,7,-7
133,7,7,-6
134,7,7,-5
135,7,7,-4
136,7,7,-3
137,7,7,-2
138,7,7,-1
137,7,7,0
136,7,7,1
135,7,7,2
134,7,7,3
133,7,7,4
132,7,7,5
27,7,7,6
131,7,7,7
